

starting Manhattan
optimal cost : 14
printing optimal path:
=============================
step : 0
1 2 3 4 5 7 14 
8 9 10 11 12 13 6 
15 16 17 18 19 20 21 
22 23 24 25 26 27 28 
29 30 31 32 * 33 34 
36 37 38 39 40 41 35 
43 44 45 46 47 48 42 
previous cost = 0 :: huristic cost = 8 :: total cost = 8
=============================
=============================
step : 1
1 2 3 4 5 7 14 
8 9 10 11 12 13 6 
15 16 17 18 19 20 21 
22 23 24 25 26 27 28 
29 30 31 32 33 * 34 
36 37 38 39 40 41 35 
43 44 45 46 47 48 42 
previous cost = 1 :: huristic cost = 7 :: total cost = 8
=============================
=============================
step : 2
1 2 3 4 5 7 14 
8 9 10 11 12 13 6 
15 16 17 18 19 20 21 
22 23 24 25 26 * 28 
29 30 31 32 33 27 34 
36 37 38 39 40 41 35 
43 44 45 46 47 48 42 
previous cost = 2 :: huristic cost = 8 :: total cost = 10
=============================
=============================
step : 3
1 2 3 4 5 7 14 
8 9 10 11 12 13 6 
15 16 17 18 19 * 21 
22 23 24 25 26 20 28 
29 30 31 32 33 27 34 
36 37 38 39 40 41 35 
43 44 45 46 47 48 42 
previous cost = 3 :: huristic cost = 9 :: total cost = 12
=============================
=============================
step : 4
1 2 3 4 5 7 14 
8 9 10 11 12 * 6 
15 16 17 18 19 13 21 
22 23 24 25 26 20 28 
29 30 31 32 33 27 34 
36 37 38 39 40 41 35 
43 44 45 46 47 48 42 
previous cost = 4 :: huristic cost = 10 :: total cost = 14
=============================
=============================
step : 5
1 2 3 4 5 7 14 
8 9 10 11 12 6 * 
15 16 17 18 19 13 21 
22 23 24 25 26 20 28 
29 30 31 32 33 27 34 
36 37 38 39 40 41 35 
43 44 45 46 47 48 42 
previous cost = 5 :: huristic cost = 9 :: total cost = 14
=============================
=============================
step : 6
1 2 3 4 5 7 * 
8 9 10 11 12 6 14 
15 16 17 18 19 13 21 
22 23 24 25 26 20 28 
29 30 31 32 33 27 34 
36 37 38 39 40 41 35 
43 44 45 46 47 48 42 
previous cost = 6 :: huristic cost = 8 :: total cost = 14
=============================
=============================
step : 7
1 2 3 4 5 * 7 
8 9 10 11 12 6 14 
15 16 17 18 19 13 21 
22 23 24 25 26 20 28 
29 30 31 32 33 27 34 
36 37 38 39 40 41 35 
43 44 45 46 47 48 42 
previous cost = 7 :: huristic cost = 7 :: total cost = 14
=============================
=============================
step : 8
1 2 3 4 5 6 7 
8 9 10 11 12 * 14 
15 16 17 18 19 13 21 
22 23 24 25 26 20 28 
29 30 31 32 33 27 34 
36 37 38 39 40 41 35 
43 44 45 46 47 48 42 
previous cost = 8 :: huristic cost = 6 :: total cost = 14
=============================
=============================
step : 9
1 2 3 4 5 6 7 
8 9 10 11 12 13 14 
15 16 17 18 19 * 21 
22 23 24 25 26 20 28 
29 30 31 32 33 27 34 
36 37 38 39 40 41 35 
43 44 45 46 47 48 42 
previous cost = 9 :: huristic cost = 5 :: total cost = 14
=============================
=============================
step : 10
1 2 3 4 5 6 7 
8 9 10 11 12 13 14 
15 16 17 18 19 20 21 
22 23 24 25 26 * 28 
29 30 31 32 33 27 34 
36 37 38 39 40 41 35 
43 44 45 46 47 48 42 
previous cost = 10 :: huristic cost = 4 :: total cost = 14
=============================
=============================
step : 11
1 2 3 4 5 6 7 
8 9 10 11 12 13 14 
15 16 17 18 19 20 21 
22 23 24 25 26 27 28 
29 30 31 32 33 * 34 
36 37 38 39 40 41 35 
43 44 45 46 47 48 42 
previous cost = 11 :: huristic cost = 3 :: total cost = 14
=============================
=============================
step : 12
1 2 3 4 5 6 7 
8 9 10 11 12 13 14 
15 16 17 18 19 20 21 
22 23 24 25 26 27 28 
29 30 31 32 33 34 * 
36 37 38 39 40 41 35 
43 44 45 46 47 48 42 
previous cost = 12 :: huristic cost = 2 :: total cost = 14
=============================
=============================
step : 13
1 2 3 4 5 6 7 
8 9 10 11 12 13 14 
15 16 17 18 19 20 21 
22 23 24 25 26 27 28 
29 30 31 32 33 34 35 
36 37 38 39 40 41 * 
43 44 45 46 47 48 42 
previous cost = 13 :: huristic cost = 1 :: total cost = 14
=============================
=============================
step : 14
1 2 3 4 5 6 7 
8 9 10 11 12 13 14 
15 16 17 18 19 20 21 
22 23 24 25 26 27 28 
29 30 31 32 33 34 35 
36 37 38 39 40 41 42 
43 44 45 46 47 48 * 
previous cost = 14 :: huristic cost = 0 :: total cost = 14
=============================
expanded : 204	explored : 83
