

starting Manhattan
optimal cost : 16
printing optimal path:
=============================
step : 0
1 2 3 4 5 6 7 8 9 10 
11 12 13 14 15 16 17 18 19 20 
21 22 23 24 25 26 27 28 29 30 
31 32 33 34 35 36 47 37 39 40 
41 42 43 44 45 46 * 38 49 50 
51 52 53 54 55 56 57 48 59 60 
61 62 63 64 65 66 67 58 69 80 
71 72 73 74 75 76 77 68 70 78 
81 82 83 84 85 86 87 88 79 89 
91 92 93 94 95 96 97 98 99 90 
previous cost = 0 :: huristic cost = 14 :: total cost = 14
=============================
=============================
step : 1
1 2 3 4 5 6 7 8 9 10 
11 12 13 14 15 16 17 18 19 20 
21 22 23 24 25 26 27 28 29 30 
31 32 33 34 35 36 * 37 39 40 
41 42 43 44 45 46 47 38 49 50 
51 52 53 54 55 56 57 48 59 60 
61 62 63 64 65 66 67 58 69 80 
71 72 73 74 75 76 77 68 70 78 
81 82 83 84 85 86 87 88 79 89 
91 92 93 94 95 96 97 98 99 90 
previous cost = 1 :: huristic cost = 13 :: total cost = 14
=============================
=============================
step : 2
1 2 3 4 5 6 7 8 9 10 
11 12 13 14 15 16 17 18 19 20 
21 22 23 24 25 26 27 28 29 30 
31 32 33 34 35 36 37 * 39 40 
41 42 43 44 45 46 47 38 49 50 
51 52 53 54 55 56 57 48 59 60 
61 62 63 64 65 66 67 58 69 80 
71 72 73 74 75 76 77 68 70 78 
81 82 83 84 85 86 87 88 79 89 
91 92 93 94 95 96 97 98 99 90 
previous cost = 2 :: huristic cost = 12 :: total cost = 14
=============================
=============================
step : 3
1 2 3 4 5 6 7 8 9 10 
11 12 13 14 15 16 17 18 19 20 
21 22 23 24 25 26 27 28 29 30 
31 32 33 34 35 36 37 38 39 40 
41 42 43 44 45 46 47 * 49 50 
51 52 53 54 55 56 57 48 59 60 
61 62 63 64 65 66 67 58 69 80 
71 72 73 74 75 76 77 68 70 78 
81 82 83 84 85 86 87 88 79 89 
91 92 93 94 95 96 97 98 99 90 
previous cost = 3 :: huristic cost = 11 :: total cost = 14
=============================
=============================
step : 4
1 2 3 4 5 6 7 8 9 10 
11 12 13 14 15 16 17 18 19 20 
21 22 23 24 25 26 27 28 29 30 
31 32 33 34 35 36 37 38 39 40 
41 42 43 44 45 46 47 48 49 50 
51 52 53 54 55 56 57 * 59 60 
61 62 63 64 65 66 67 58 69 80 
71 72 73 74 75 76 77 68 70 78 
81 82 83 84 85 86 87 88 79 89 
91 92 93 94 95 96 97 98 99 90 
previous cost = 4 :: huristic cost = 10 :: total cost = 14
=============================
=============================
step : 5
1 2 3 4 5 6 7 8 9 10 
11 12 13 14 15 16 17 18 19 20 
21 22 23 24 25 26 27 28 29 30 
31 32 33 34 35 36 37 38 39 40 
41 42 43 44 45 46 47 48 49 50 
51 52 53 54 55 56 57 58 59 60 
61 62 63 64 65 66 67 * 69 80 
71 72 73 74 75 76 77 68 70 78 
81 82 83 84 85 86 87 88 79 89 
91 92 93 94 95 96 97 98 99 90 
previous cost = 5 :: huristic cost = 9 :: total cost = 14
=============================
=============================
step : 6
1 2 3 4 5 6 7 8 9 10 
11 12 13 14 15 16 17 18 19 20 
21 22 23 24 25 26 27 28 29 30 
31 32 33 34 35 36 37 38 39 40 
41 42 43 44 45 46 47 48 49 50 
51 52 53 54 55 56 57 58 59 60 
61 62 63 64 65 66 67 69 * 80 
71 72 73 74 75 76 77 68 70 78 
81 82 83 84 85 86 87 88 79 89 
91 92 93 94 95 96 97 98 99 90 
previous cost = 6 :: huristic cost = 10 :: total cost = 16
=============================
=============================
step : 7
1 2 3 4 5 6 7 8 9 10 
11 12 13 14 15 16 17 18 19 20 
21 22 23 24 25 26 27 28 29 30 
31 32 33 34 35 36 37 38 39 40 
41 42 43 44 45 46 47 48 49 50 
51 52 53 54 55 56 57 58 59 60 
61 62 63 64 65 66 67 69 70 80 
71 72 73 74 75 76 77 68 * 78 
81 82 83 84 85 86 87 88 79 89 
91 92 93 94 95 96 97 98 99 90 
previous cost = 7 :: huristic cost = 9 :: total cost = 16
=============================
=============================
step : 8
1 2 3 4 5 6 7 8 9 10 
11 12 13 14 15 16 17 18 19 20 
21 22 23 24 25 26 27 28 29 30 
31 32 33 34 35 36 37 38 39 40 
41 42 43 44 45 46 47 48 49 50 
51 52 53 54 55 56 57 58 59 60 
61 62 63 64 65 66 67 69 70 80 
71 72 73 74 75 76 77 68 78 * 
81 82 83 84 85 86 87 88 79 89 
91 92 93 94 95 96 97 98 99 90 
previous cost = 8 :: huristic cost = 8 :: total cost = 16
=============================
=============================
step : 9
1 2 3 4 5 6 7 8 9 10 
11 12 13 14 15 16 17 18 19 20 
21 22 23 24 25 26 27 28 29 30 
31 32 33 34 35 36 37 38 39 40 
41 42 43 44 45 46 47 48 49 50 
51 52 53 54 55 56 57 58 59 60 
61 62 63 64 65 66 67 69 70 * 
71 72 73 74 75 76 77 68 78 80 
81 82 83 84 85 86 87 88 79 89 
91 92 93 94 95 96 97 98 99 90 
previous cost = 9 :: huristic cost = 7 :: total cost = 16
=============================
=============================
step : 10
1 2 3 4 5 6 7 8 9 10 
11 12 13 14 15 16 17 18 19 20 
21 22 23 24 25 26 27 28 29 30 
31 32 33 34 35 36 37 38 39 40 
41 42 43 44 45 46 47 48 49 50 
51 52 53 54 55 56 57 58 59 60 
61 62 63 64 65 66 67 69 * 70 
71 72 73 74 75 76 77 68 78 80 
81 82 83 84 85 86 87 88 79 89 
91 92 93 94 95 96 97 98 99 90 
previous cost = 10 :: huristic cost = 6 :: total cost = 16
=============================
=============================
step : 11
1 2 3 4 5 6 7 8 9 10 
11 12 13 14 15 16 17 18 19 20 
21 22 23 24 25 26 27 28 29 30 
31 32 33 34 35 36 37 38 39 40 
41 42 43 44 45 46 47 48 49 50 
51 52 53 54 55 56 57 58 59 60 
61 62 63 64 65 66 67 * 69 70 
71 72 73 74 75 76 77 68 78 80 
81 82 83 84 85 86 87 88 79 89 
91 92 93 94 95 96 97 98 99 90 
previous cost = 11 :: huristic cost = 5 :: total cost = 16
=============================
=============================
step : 12
1 2 3 4 5 6 7 8 9 10 
11 12 13 14 15 16 17 18 19 20 
21 22 23 24 25 26 27 28 29 30 
31 32 33 34 35 36 37 38 39 40 
41 42 43 44 45 46 47 48 49 50 
51 52 53 54 55 56 57 58 59 60 
61 62 63 64 65 66 67 68 69 70 
71 72 73 74 75 76 77 * 78 80 
81 82 83 84 85 86 87 88 79 89 
91 92 93 94 95 96 97 98 99 90 
previous cost = 12 :: huristic cost = 4 :: total cost = 16
=============================
=============================
step : 13
1 2 3 4 5 6 7 8 9 10 
11 12 13 14 15 16 17 18 19 20 
21 22 23 24 25 26 27 28 29 30 
31 32 33 34 35 36 37 38 39 40 
41 42 43 44 45 46 47 48 49 50 
51 52 53 54 55 56 57 58 59 60 
61 62 63 64 65 66 67 68 69 70 
71 72 73 74 75 76 77 78 * 80 
81 82 83 84 85 86 87 88 79 89 
91 92 93 94 95 96 97 98 99 90 
previous cost = 13 :: huristic cost = 3 :: total cost = 16
=============================
=============================
step : 14
1 2 3 4 5 6 7 8 9 10 
11 12 13 14 15 16 17 18 19 20 
21 22 23 24 25 26 27 28 29 30 
31 32 33 34 35 36 37 38 39 40 
41 42 43 44 45 46 47 48 49 50 
51 52 53 54 55 56 57 58 59 60 
61 62 63 64 65 66 67 68 69 70 
71 72 73 74 75 76 77 78 79 80 
81 82 83 84 85 86 87 88 * 89 
91 92 93 94 95 96 97 98 99 90 
previous cost = 14 :: huristic cost = 2 :: total cost = 16
=============================
=============================
step : 15
1 2 3 4 5 6 7 8 9 10 
11 12 13 14 15 16 17 18 19 20 
21 22 23 24 25 26 27 28 29 30 
31 32 33 34 35 36 37 38 39 40 
41 42 43 44 45 46 47 48 49 50 
51 52 53 54 55 56 57 58 59 60 
61 62 63 64 65 66 67 68 69 70 
71 72 73 74 75 76 77 78 79 80 
81 82 83 84 85 86 87 88 89 * 
91 92 93 94 95 96 97 98 99 90 
previous cost = 15 :: huristic cost = 1 :: total cost = 16
=============================
=============================
step : 16
1 2 3 4 5 6 7 8 9 10 
11 12 13 14 15 16 17 18 19 20 
21 22 23 24 25 26 27 28 29 30 
31 32 33 34 35 36 37 38 39 40 
41 42 43 44 45 46 47 48 49 50 
51 52 53 54 55 56 57 58 59 60 
61 62 63 64 65 66 67 68 69 70 
71 72 73 74 75 76 77 78 79 80 
81 82 83 84 85 86 87 88 89 90 
91 92 93 94 95 96 97 98 99 * 
previous cost = 16 :: huristic cost = 0 :: total cost = 16
=============================
expanded : 72	explored : 27
